4D 5A 90 00 03 00 00 00 04 00 00 00 FF FF 00 00 B8 00 00 00 00 00 00 00 
40 00 00 00 00 00 00 00 00 00 00 00 00 00 00 00 00 00 00 00 00 00 00 00 
00 00 00 00 00 00 00 00 00 00 00 00 80 00 00 00 0E 1F BA 0E 00 B4 09 CD 
21 B8 01 4C CD 21 54 68 69 73 20 70 72 6F 67 72 61 6D 20 63 61 6E 6E 6F 
74 20 62 65 20 72 75 6E 20 69 6E 20 44 4F 53 20 6D 6F 64 65 2E 0D 0D 0A 
24 00 00 00 00 00 00 00 50 45 00 00 4C 01 03 00 B2 9B 2C 57 00 00 00 00 
00 00 00 00 E0 00 02 21 0B 01 0B 00 00 22 00 00 00 06 00 00 00 00 00 00 
1E 41 00 00 00 20 00 00 00 60 00 00 00 00 00 10 00 20 00 00 00 02 00 00 
04 00 00 00 00 00 00 00 04 00 00 00 00 00 00 00 00 A0 00 00 00 02 00 00 
00 00 00 00 03 00 40 85 00 00 10 00 00 10 00 00 00 00 10 00 00 10 00 00 
00 00 00 00 10 00 00 00 00 00 00 00 00 00 00 00 CC 40 00 00 4F 00 00 00 
00 60 00 00 A0 02 00 00 00 00 00 00 00 00 00 00 00 00 00 00 00 00 00 00 
00 80 00 00 0C 00 00 00 00 00 00 00 00 00 00 00 00 00 00 00 00 00 00 00 
00 00 00 00 00 00 00 00 00 00 00 00 00 00 00 00 00 00 00 00 00 00 00 00 
00 00 00 00 00 00 00 00 00 20 00 00 08 00 00 00 00 00 00 00 00 00 00 00 
08 20 00 00 48 00 00 00 00 00 00 00 00 00 00 00 2E 74 65 78 74 00 00 00 
24 21 00 00 00 20 00 00 00 22 00 00 00 02 00 00 00 00 00 00 00 00 00 00 
00 00 00 00 20 00 00 60 2E 72 73 72 63 00 00 00 A0 02 00 00 00 60 00 00 
00 04 00 00 00 24 00 00 00 00 00 00 00 00 00 00 00 00 00 00 40 00 00 40 
2E 72 65 6C 6F 63 00 00 0C 00 00 00 00 80 00 00 00 02 00 00 00 28 00 00 
00 00 00 00 00 00 00 00 00 00 00 00 40 00 00 42 00 00 00 00 00 00 00 00 
00 00 00 00 00 00 00 00 00 41 00 00 00 00 00 00 48 00 00 00 02 00 05 00 
34 2B 00 00 98 15 00 00 01 00 00 00 00 00 00 00 00 00 00 00 00 00 00 00 
00 00 00 00 00 00 00 00 00 00 00 00 00 00 00 00 00 00 00 00 00 00 00 00 
00 00 00 00 00 00 00 00 00 00 00 00 00 00 00 00 13 30 01 00 0B 00 00 00 
01 00 00 11 00 72 01 00 00 70 0A 2B 00 06 2A 00 1B 30 06 00 E9 00 00 00 
02 00 00 11 00 03 2C 13 05 17 32 0F 0E 04 17 32 0A 0E 05 17 FE 04 16 FE 
01 2B 01 16 00 13 06 11 06 2D 08 18 13 05 38 BE 00 00 00 73 03 00 00 0A 
0A 16 0B 38 9F 00 00 00 00 00 06 17 0E 04 17 58 6F 04 00 00 0A 0C 06 17 
0E 05 17 58 6F 04 00 00 0A 0D 0F 02 28 05 00 00 0A 13 06 11 06 2D 35 00 
06 18 6F 06 00 00 0A 17 FE 01 13 04 08 09 58 18 5D 16 FE 01 13 06 11 06 
2D 17 08 17 FE 02 16 FE 01 13 06 11 06 2D 06 08 17 59 0C 2B 04 09 17 59 
0D 00 2B 0B 00 0F 02 28 07 00 00 0A 13 04 00 08 09 11 04 03 6F 08 00 00 
0A 74 02 00 00 1B 08 09 6F 09 00 00 0A 73 2F 00 00 06 26 00 DE 13 26 00 
00 DE 0E 26 00 17 13 05 DE 1F 26 00 18 13 05 DE 18 00 00 07 17 58 0B 07 
05 FE 04 13 06 11 06 3A 54 FF FF FF 16 13 05 2B 00 00 11 05 2A 00 00 00 
01 28 00 00 00 00 35 00 85 BA 00 05 0F 00 00 02 00 00 35 00 85 BF 00 07 
10 00 00 02 00 00 35 00 85 C6 00 07 04 00 00 01 13 30 06 00 3D 00 00 00 
03 00 00 11 00 05 0B 07 2D 17 02 04 12 02 FE 15 01 00 00 1B 08 1F 14 1B 
1B 28 02 00 00 06 0A 2B 1E 02 04 03 6F 0A 00 00 0A 18 5D 16 FE 01 73 0B 
00 00 0A 1F 14 1B 1B 28 02 00 00 06 0A 2B 00 06 2A 2E 73 29 00 00 06 80 
02 00 00 04 2A 1E 02 28 0C 00 00 0A 2A 00 00 00 13 30 01 00 0C 00 00 00 
04 00 00 11 00 02 73 11 00 00 06 0A 2B 00 06 2A 13 30 01 00 16 00 00 00 
04 00 00 11 00 02 2D 07 7E 04 00 00 04 2B 05 7E 03 00 00 04 00 0A 2B 00 
06 2A 00 00 13 30 01 00 0C 00 00 00 04 00 00 11 00 02 73 14 00 00 06 0A 
2B 00 06 2A 13 30 02 00 0D 00 00 00 04 00 00 11 00 02 03 73 19 00 00 06 
0A 2B 00 06 2A 00 00 00 13 30 02 00 0D 00 00 00 04 00 00 11 00 02 03 73 
1E 00 00 06 0A 2B 00 06 2A 00 00 00 13 30 01 00 06 00 00 00 05 00 00 11 
17 0A 2B 00 06 2A 00 00 13 30 01 00 06 00 00 00 05 00 00 11 16 0A 2B 00 
06 2A 00 00 03 30 02 00 53 00 00 00 00 00 00 00 7E 05 00 00 04 2D 13 14 
FE 06 0D 00 00 06 73 0E 00 00 0A 80 05 00 00 04 2B 00 7E 05 00 00 04 73 
11 00 00 06 80 03 00 00 04 7E 06 00 00 04 2D 13 14 FE 06 0E 00 00 06 73 
0E 00 00 0A 80 06 00 00 04 2B 00 7E 06 00 00 04 73 11 00 00 06 80 04 00 
00 04 2A 1E 02 28 0C 00 00 0A 2A 00 13 30 01 00 0B 00 00 00 06 00 00 11 
02 7B 07 00 00 04 0A 2B 00 06 2A 22 02 03 7D 07 00 00 04 2A 13 30 02 00 
23 00 00 00 05 00 00 11 02 28 0B 00 00 06 00 00 03 14 FE 01 16 FE 01 0A 
06 2D 06 73 0F 00 00 0A 7A 02 03 28 10 00 00 06 00 00 2A 00 13 30 01 00 
0B 00 00 00 04 00 00 11 02 7B 08 00 00 04 0A 2B 00 06 2A 22 02 03 7D 08 
00 00 04 2A 13 30 02 00 23 00 00 00 05 00 00 11 02 28 0B 00 00 06 00 00 
03 14 FE 01 16 FE 01 0A 06 2D 06 73 0F 00 00 0A 7A 02 03 28 13 00 00 06 
00 00 2A 00 13 30 01 00 0B 00 00 00 04 00 00 11 02 7B 09 00 00 04 0A 2B 
00 06 2A 22 02 03 7D 09 00 00 04 2A 13 30 01 00 0B 00 00 00 04 00 00 11 
02 7B 0A 00 00 04 0A 2B 00 06 2A 22 02 03 7D 0A 00 00 04 2A 13 30 02 00 
32 00 00 00 05 00 00 11 02 28 0B 00 00 06 00 00 03 2C 09 04 14 FE 01 16 
FE 01 2B 01 16 00 0A 06 2D 06 73 0F 00 00 0A 7A 02 03 28 16 00 00 06 00 
02 04 28 18 00 00 06 00 00 2A 00 00 13 30 01 00 0B 00 00 00 04 00 00 11 
02 7B 0B 00 00 04 0A 2B 00 06 2A 22 02 03 7D 0B 00 00 04 2A 13 30 01 00 
0B 00 00 00 04 00 00 11 02 7B 0C 00 00 04 0A 2B 00 06 2A 22 02 03 7D 0C 
00 00 04 2A 13 30 02 00 32 00 00 00 05 00 00 11 02 28 0B 00 00 06 00 00 
03 2C 09 04 14 FE 01 16 FE 01 2B 01 16 00 0A 06 2D 06 73 0F 00 00 0A 7A 
02 03 28 1B 00 00 06 00 02 04 28 1D 00 00 06 00 00 2A 1E 02 28 0C 00 00 
0A 2A 00 00 13 30 01 00 11 00 00 00 05 00 00 11 00 03 6F 0F 00 00 06 6F 
10 00 00 0A 0A 2B 00 06 2A 00 00 00 13 30 02 00 15 00 00 00 05 00 00 11 
00 02 03 6F 12 00 00 06 6F 1F 00 00 06 16 FE 01 0A 2B 00 06 2A 00 00 00 
13 30 02 00 24 00 00 00 05 00 00 11 00 02 03 6F 15 00 00 06 6F 1F 00 00 
06 2C 0E 02 03 6F 17 00 00 06 6F 1F 00 00 06 2B 01 16 00 0A 2B 00 06 2A 
13 30 02 00 24 00 00 00 05 00 00 11 00 02 03 6F 1A 00 00 06 6F 1F 00 00 
06 2D 0E 02 03 6F 1C 00 00 06 6F 1F 00 00 06 2B 01 17 00 0A 2B 00 06 2A 
13 30 0A 00 A4 00 00 00 07 00 00 11 00 03 0A 7E 13 00 00 04 2D 26 16 D0 
13 00 00 01 28 11 00 00 0A D0 09 00 00 02 28 11 00 00 0A 28 12 00 00 0A 
28 13 00 00 0A 80 13 00 00 04 2B 00 7E 13 00 00 04 7B 14 00 00 0A 7E 13 
00 00 04 7E 14 00 00 04 2D 3E 18 72 2B 00 00 70 14 D0 09 00 00 02 28 11 
00 00 0A 18 8D 19 00 00 01 0C 08 16 17 14 28 15 00 00 0A A2 08 17 16 14 
28 15 00 00 0A A2 08 28 16 00 00 0A 28 17 00 00 0A 80 14 00 00 04 2B 00 
7E 14 00 00 04 7B 18 00 00 0A 7E 14 00 00 04 02 06 6F 19 00 00 0A 6F 1A 
00 00 0A 0B 2B 00 07 2A 1E 02 28 20 00 00 06 2A 56 02 28 20 00 00 06 00 
00 02 73 26 00 00 06 7D 0D 00 00 04 00 2A 00 00 13 30 02 00 15 00 00 00 
05 00 00 11 00 02 7B 0D 00 00 04 03 6F 1F 00 00 06 16 FE 01 0A 2B 00 06 
2A 1E 02 28 0B 00 00 06 2A 00 00 00 13 30 01 00 0B 00 00 00 08 00 00 11 
02 7B 0E 00 00 04 0A 2B 00 06 2A 22 02 03 7D 0E 00 00 04 2A 13 30 01 00 
0B 00 00 00 04 00 00 11 02 7B 0F 00 00 04 0A 2B 00 06 2A 22 02 03 7D 0F 
00 00 04 2A 13 30 02 00 2B 00 00 00 05 00 00 11 02 28 0B 00 00 06 00 00 
02 03 28 2B 00 00 06 00 04 14 FE 01 16 FE 01 0A 06 2D 06 73 0F 00 00 0A 
7A 02 04 28 2D 00 00 06 00 00 2A 00 13 30 03 00 A1 00 00 00 09 00 00 11 
02 28 0C 00 00 0A 00 00 03 04 58 8D 08 00 00 02 0A 73 03 00 00 0A 0B 16 
0C 16 0D 2B 52 00 09 03 2F 0F 07 18 6F 06 00 00 0A 16 FE 01 16 FE 01 2B 
01 17 00 13 04 11 04 2D 10 00 06 08 73 26 00 00 06 A2 09 17 58 0D 00 2B 
21 08 09 59 04 FE 04 16 FE 01 13 04 11 04 2D 0A 06 08 73 27 00 00 06 A2 
2B 08 06 08 73 26 00 00 06 A2 00 08 17 58 0C 08 03 04 58 FE 04 13 04 11 
04 2D A2 06 05 28 07 00 00 06 0E 04 28 33 00 00 06 05 FE 01 16 FE 01 13 
04 11 04 2D 06 73 31 00 00 06 7A 73 32 00 00 06 7A 1E 02 28 1B 00 00 0A 
2A 1E 02 28 1B 00 00 0A 2A 1E 02 28 1B 00 00 0A 2A 00 00 00 13 30 03 00 
1D 00 00 00 05 00 00 11 00 73 26 00 00 06 02 03 73 34 00 00 06 04 28 3C 
00 00 06 6F 1F 00 00 06 0A 2B 00 06 2A 00 00 00 13 30 02 00 41 00 00 00 
05 00 00 11 02 16 7D 12 00 00 04 02 28 0C 00 00 0A 00 00 03 2C 09 04 14 
FE 01 16 FE 01 2B 01 16 00 0A 06 2D 06 73 0F 00 00 0A 7A 02 03 6F 1C 00 
00 0A 74 08 00 00 1B 7D 10 00 00 04 02 04 7D 11 00 00 04 00 2A 00 00 00 
13 30 0A 00 A4 00 00 00 0A 00 00 11 00 03 0A 7E 15 00 00 04 2D 26 16 D0 
03 00 00 02 28 11 00 00 0A D0 11 00 00 02 28 11 00 00 0A 28 12 00 00 0A 
28 1D 00 00 0A 80 15 00 00 04 2B 00 7E 15 00 00 04 7B 1E 00 00 0A 7E 15 
00 00 04 7E 16 00 00 04 2D 3E 18 72 3F 00 00 70 14 D0 11 00 00 02 28 11 
00 00 0A 18 8D 19 00 00 01 0C 08 16 17 14 28 15 00 00 0A A2 08 17 16 14 
28 15 00 00 0A A2 08 28 16 00 00 0A 28 1F 00 00 0A 80 16 00 00 04 2B 00 
7E 16 00 00 04 7B 20 00 00 0A 7E 16 00 00 04 02 06 6F 21 00 00 0A 6F 22 
00 00 0A 0B 2B 00 07 2A 1E 00 73 30 00 00 06 7A 13 30 02 00 17 00 00 00 
04 00 00 11 00 02 03 6F 12 00 00 06 28 35 00 00 06 28 08 00 00 06 0A 2B 
00 06 2A 00 13 30 03 00 23 00 00 00 04 00 00 11 00 02 03 6F 15 00 00 06 
28 35 00 00 06 02 03 6F 17 00 00 06 28 35 00 00 06 28 09 00 00 06 0A 2B 
00 06 2A 00 13 30 03 00 23 00 00 00 04 00 00 11 00 02 03 6F 1A 00 00 06 
28 35 00 00 06 02 03 6F 1C 00 00 06 28 35 00 00 06 28 0A 00 00 06 0A 2B 
00 06 2A 00 13 30 01 00 0C 00 00 00 04 00 00 11 00 02 7B 11 00 00 04 0A 
2B 00 06 2A 13 30 03 00 29 00 00 00 04 00 00 11 00 02 7B 10 00 00 04 03 
6F 2A 00 00 06 9A 02 03 6F 2C 00 00 06 28 35 00 00 06 6F 1F 00 00 06 28 
07 00 00 06 0A 2B 00 06 2A 00 00 00 13 30 0A 00 A4 00 00 00 0A 00 00 11 
00 03 0A 7E 17 00 00 04 2D 26 16 D0 03 00 00 02 28 11 00 00 0A D0 11 00 
00 02 28 11 00 00 0A 28 12 00 00 0A 28 1D 00 00 0A 80 17 00 00 04 2B 00 
7E 17 00 00 04 7B 1E 00 00 0A 7E 17 00 00 04 7E 18 00 00 04 2D 3E 18 72 
59 00 00 70 14 D0 11 00 00 02 28 11 00 00 0A 18 8D 19 00 00 01 0C 08 16 
17 14 28 15 00 00 0A A2 08 17 16 14 28 15 00 00 0A A2 08 28 16 00 00 0A 
28 1F 00 00 0A 80 18 00 00 04 2B 00 7E 18 00 00 04 7B 20 00 00 0A 7E 18 
00 00 04 02 06 6F 21 00 00 0A 6F 22 00 00 0A 0B 2B 00 07 2A 13 30 01 00 
07 00 00 00 04 00 00 11 00 03 0A 2B 00 06 2A 00 13 30 02 00 17 00 00 00 
04 00 00 11 00 02 03 6F 12 00 00 06 28 3C 00 00 06 28 08 00 00 06 0A 2B 
00 06 2A 00 13 30 03 00 23 00 00 00 04 00 00 11 00 02 03 6F 15 00 00 06 
28 3C 00 00 06 02 03 6F 17 00 00 06 28 3C 00 00 06 28 09 00 00 06 0A 2B 
00 06 2A 00 13 30 03 00 23 00 00 00 04 00 00 11 00 02 03 6F 1A 00 00 06 
28 3C 00 00 06 02 03 6F 1C 00 00 06 28 3C 00 00 06 28 0A 00 00 06 0A 2B 
00 06 2A 1E 00 73 30 00 00 06 7A 00 13 30 03 00 44 00 00 00 0B 00 00 11 
00 02 7B 12 00 00 04 16 FE 01 0B 07 2D 06 73 30 00 00 06 7A 00 02 17 7D 
12 00 00 04 02 7B 10 00 00 04 03 6F 2A 00 00 06 9A 02 03 6F 2C 00 00 06 
28 35 00 00 06 6F 1F 00 00 06 28 07 00 00 06 0A 2B 00 06 2A 42 53 4A 42 
01 00 01 00 00 00 00 00 0C 00 00 00 76 34 2E 30 2E 33 30 33 31 39 00 00 
00 00 05 00 6C 00 00 00 0C 0B 00 00 23 7E 00 00 78 0B 00 00 94 06 00 00 
23 53 74 72 69 6E 67 73 00 00 00 00 0C 12 00 00 68 00 00 00 23 55 53 00 
74 12 00 00 10 00 00 00 23 47 55 49 44 00 00 00 84 12 00 00 14 03 00 00 
23 42 6C 6F 62 00 00 00 00 00 00 00 02 00 00 01 57 1F A2 09 09 02 00 00 
00 FA 25 33 00 16 00 00 01 00 00 00 1C 00 00 00 14 00 00 00 18 00 00 00 
42 00 00 00 3D 00 00 00 01 00 00 00 22 00 00 00 05 00 00 00 21 00 00 00 
0B 00 00 00 06 00 00 00 09 00 00 00 11 00 00 00 0C 00 00 00 01 00 00 00 
04 00 00 00 12 00 00 00 00 00 0A 00 01 00 00 00 00 00 06 00 A1 00 9A 00 
0A 00 A8 00 00 00 0B 00 BC 00 00 00 06 00 C5 00 9A 00 0B 00 F1 00 00 00 
0B 00 FF 00 00 00 06 00 0A 01 9A 00 06 00 3E 01 9A 00 06 00 9B 03 7B 03 
06 00 BB 03 7B 03 06 00 D9 03 9A 00 06 00 08 04 9A 00 06 00 16 04 9A 00 
06 00 63 04 7B 03 06 00 B2 04 9A 00 0E 00 F1 04 7B 03 0E 00 FC 04 7B 03 
06 00 10 05 9A 00 06 00 22 05 9A 00 06 00 2A 05 9A 00 06 00 2F 05 9A 00 
12 00 83 05 64 05 0E 00 8A 05 7B 03 12 00 99 05 64 05 12 00 C1 05 64 05 
12 00 D4 05 64 05 06 00 07 06 EC 05 06 00 22 06 9A 00 00 00 00 00 01 00 
00 00 00 00 01 00 01 00 01 00 10 00 16 00 00 00 05 00 01 00 01 00 82 00 
10 00 1E 00 00 00 05 00 03 00 06 00 03 00 10 00 2A 00 00 00 0C 00 07 00 
0F 00 03 00 10 00 2F 00 00 00 0C 00 08 00 12 00 03 00 10 00 33 00 00 00 
0C 00 09 00 15 00 03 00 10 00 37 00 00 00 0C 00 0B 00 1A 00 82 00 10 00 
3A 00 00 00 05 00 0D 00 1F 00 03 00 10 00 41 00 00 00 20 00 0D 00 21 00 
03 00 10 00 48 00 00 00 20 00 0D 00 27 00 03 00 10 00 53 00 00 00 0C 00 
0E 00 29 00 02 01 10 00 5A 00 00 00 0C 00 0E 00 2A 00 03 00 10 00 68 00 
00 00 05 00 10 00 2F 00 02 00 10 00 6E 00 00 00 11 00 10 00 30 00 02 00 
10 00 7C 00 00 00 11 00 10 00 31 00 02 00 10 00 80 00 00 00 11 00 10 00 
32 00 03 00 10 00 87 00 00 00 05 00 10 00 33 00 83 01 10 00 C8 04 00 00 
05 00 13 00 43 00 83 01 10 00 2E 06 00 00 05 00 15 00 43 00 83 01 10 00 
64 06 00 00 05 00 17 00 43 00 51 80 CF 00 0A 00 36 00 E7 00 3A 00 36 00 
33 01 3A 00 36 00 38 01 3A 00 11 00 3C 04 8F 00 11 00 8B 04 8F 00 01 00 
98 01 8F 00 01 00 C3 01 3A 00 01 00 02 02 3A 00 01 00 18 02 3A 00 01 00 
02 02 3A 00 01 00 18 02 3A 00 04 00 44 02 D4 00 01 00 74 02 E8 00 01 00 
8E 02 3A 00 01 00 B4 02 F8 00 01 00 BC 02 3A 00 01 00 C3 02 FD 00 16 00 
05 05 CF 01 16 00 17 05 DD 01 16 00 4E 06 8B 02 16 00 59 06 9A 02 16 00 
7E 06 8B 02 16 00 89 06 9A 02 50 20 00 00 00 00 E6 09 D9 00 36 00 01 00 
68 20 00 00 00 00 81 00 15 01 3E 00 01 00 88 21 00 00 00 00 E6 01 1D 01 
4D 00 06 00 DD 21 00 00 00 00 86 18 23 01 56 00 09 00 D1 21 00 00 00 00 
91 18 28 04 A5 01 09 00 E8 21 00 00 00 00 96 08 45 01 5E 00 09 00 00 22 
00 00 00 00 96 08 51 01 68 00 0A 00 24 22 00 00 00 00 96 08 5D 01 6E 00 
0B 00 3C 22 00 00 00 00 96 08 6B 01 75 00 0C 00 58 22 00 00 00 00 96 08 
79 01 75 00 0E 00 FB 22 00 00 00 00 84 18 23 01 56 00 10 00 9C 22 00 00 
00 00 91 18 28 04 A5 01 10 00 74 22 00 00 00 00 91 00 2F 04 AE 01 10 00 
88 22 00 00 00 00 91 00 7E 04 AE 01 10 00 04 23 00 00 00 00 86 08 86 01 
7E 00 10 00 1B 23 00 00 00 00 81 08 8F 01 86 00 10 00 24 23 00 00 00 00 
86 18 23 01 86 00 11 00 54 23 00 00 00 00 86 08 B3 01 9E 00 12 00 6B 23 
00 00 00 00 81 08 BB 01 A3 00 12 00 74 23 00 00 00 00 86 18 23 01 A3 00 
13 00 A4 23 00 00 00 00 86 08 DC 01 9E 00 14 00 BB 23 00 00 00 00 81 08 
E5 01 A3 00 14 00 C4 23 00 00 00 00 86 08 EE 01 9E 00 15 00 DB 23 00 00 
00 00 81 08 F8 01 A3 00 15 00 E4 23 00 00 00 00 86 18 23 01 AE 00 16 00 
24 24 00 00 00 00 86 08 DC 01 9E 00 18 00 3B 24 00 00 00 00 81 08 E5 01 
A3 00 18 00 44 24 00 00 00 00 86 08 EE 01 9E 00 19 00 5B 24 00 00 00 00 
81 08 F8 01 A3 00 19 00 64 24 00 00 00 00 86 18 23 01 AE 00 1A 00 00 00 
00 00 00 00 C6 05 3A 02 B6 00 1C 00 A2 24 00 00 00 00 84 18 23 01 56 00 
1D 00 AC 24 00 00 00 00 81 00 3A 02 BC 00 1D 00 CC 24 00 00 00 00 81 00 
3A 02 C2 00 1E 00 F0 24 00 00 00 00 81 00 3A 02 C8 00 1F 00 20 25 00 00 
00 00 81 00 3A 02 CE 00 20 00 50 25 00 00 00 00 E6 00 3A 02 B6 00 21 00 
00 26 00 00 00 00 86 18 23 01 56 00 22 00 08 26 00 00 00 00 86 18 23 01 
56 00 22 00 20 26 00 00 00 00 E6 00 3A 02 B6 00 22 00 41 26 00 00 00 00 
86 18 23 01 56 00 23 00 4C 26 00 00 00 00 86 08 46 02 D8 00 23 00 63 26 
00 00 00 00 81 08 53 02 DC 00 23 00 6C 26 00 00 00 00 86 08 60 02 9E 00 
24 00 83 26 00 00 00 00 81 08 6A 02 A3 00 24 00 8C 26 00 00 00 00 86 18 
23 01 E1 00 25 00 C4 26 00 00 00 00 86 18 23 01 EF 00 27 00 71 27 00 00 
00 00 86 18 23 01 56 00 2B 00 79 27 00 00 00 00 86 18 23 01 56 00 2B 00 
81 27 00 00 00 00 86 18 23 01 56 00 2B 00 8C 27 00 00 00 00 96 00 D7 02 
00 01 2B 00 B8 27 00 00 00 00 81 18 23 01 0B 01 2E 00 08 28 00 00 00 00 
81 00 E0 02 14 01 30 00 B8 28 00 00 00 00 81 00 E0 02 1B 01 31 00 C0 28 
00 00 00 00 81 00 E0 02 22 01 32 00 E4 28 00 00 00 00 81 00 E0 02 29 01 
33 00 14 29 00 00 00 00 81 00 E0 02 30 01 34 00 44 29 00 00 00 00 81 00 
E0 02 37 01 35 00 5C 29 00 00 00 00 81 00 E0 02 3E 01 36 00 94 29 00 00 
00 00 81 00 ED 02 14 01 37 00 44 2A 00 00 00 00 81 00 ED 02 1B 01 38 00 
58 2A 00 00 00 00 81 00 ED 02 22 01 39 00 7C 2A 00 00 00 00 81 00 ED 02 
29 01 3A 00 AC 2A 00 00 00 00 81 00 ED 02 30 01 3B 00 DB 2A 00 00 00 00 
81 00 ED 02 37 01 3C 00 E4 2A 00 00 00 00 81 00 ED 02 3E 01 3D 00 00 00 
01 00 F4 02 10 10 02 00 FE 02 10 10 03 00 0A 03 10 10 04 00 14 03 10 10 
05 00 1F 03 00 00 01 00 2E 03 00 00 02 00 F4 02 00 00 03 00 37 03 00 00 
01 00 AE 01 00 00 01 00 3C 03 00 00 01 00 D8 01 00 00 01 00 2F 02 00 00 
02 00 34 02 00 00 01 00 2F 02 00 00 02 00 34 02 00 00 01 00 3E 03 00 00 
01 00 AE 01 00 00 01 00 3E 03 00 00 01 00 D8 01 00 00 01 00 3E 03 00 00 
01 00 3E 03 00 00 01 00 2F 02 00 00 02 00 34 02 00 00 01 00 3E 03 00 00 
01 00 3E 03 00 00 01 00 2F 02 00 00 02 00 34 02 00 00 01 00 1E 00 00 00 
01 00 44 03 00 00 01 00 44 03 00 00 01 00 44 03 00 00 01 00 44 03 00 00 
01 00 44 03 00 00 01 00 44 03 00 00 01 00 3E 03 00 00 01 00 3E 03 00 00 
01 00 A5 02 00 00 02 00 AE 02 00 00 01 00 46 03 00 00 02 00 51 03 00 00 
03 00 FE 02 00 00 04 00 60 03 00 00 01 00 B4 02 00 00 02 00 BC 02 00 00 
03 00 72 03 00 00 01 00 B4 02 00 00 02 00 BC 02 00 00 01 00 44 03 00 00 
01 00 44 03 00 00 01 00 44 03 00 00 01 00 44 03 00 00 01 00 44 03 00 00 
01 00 44 03 00 00 01 00 44 03 00 00 01 00 44 03 00 00 01 00 44 03 00 00 
01 00 44 03 00 00 01 00 44 03 00 00 01 00 44 03 00 00 01 00 44 03 00 00 
01 00 44 03 02 00 0D 00 49 00 23 01 DC 00 51 00 23 01 56 00 59 00 23 01 
56 00 59 00 E0 03 58 01 0C 00 E5 03 64 01 59 00 E0 03 68 01 0C 00 F2 03 
6D 01 31 00 FC 03 72 01 14 00 0F 04 7F 01 69 00 1D 04 D8 00 0C 00 23 01 
94 01 09 00 23 01 56 00 71 00 23 01 56 00 1C 00 23 01 C1 01 79 00 23 01 
56 00 1C 00 0F 04 6D 01 A1 00 41 05 ED 01 B1 00 AB 05 FD 01 24 00 B3 05 
15 02 24 00 BA 05 20 02 C9 00 B3 05 24 02 B1 00 15 06 2C 02 2C 00 B3 05 
15 02 2C 00 BA 05 20 02 34 00 0F 04 5C 02 3C 00 0F 04 7F 01 21 00 23 01 
56 00 E1 00 28 06 72 01 4C 00 B3 05 15 02 4C 00 BA 05 20 02 54 00 B3 05 
15 02 54 00 BA 05 20 02 5C 00 0F 04 5C 02 64 00 0F 04 7F 01 0E 00 04 00 
0D 00 12 00 09 00 45 01 08 00 0D 00 4A 01 08 00 11 00 4F 01 08 00 15 00 
4F 01 2E 00 0B 00 EB 02 2E 00 13 00 F4 02 A1 00 6B 00 B2 01 C1 00 6B 00 
B2 01 E1 00 6B 00 B2 01 01 01 6B 00 B2 01 21 01 6B 00 B2 01 41 01 6B 00 
B2 01 61 01 6B 00 B2 01 81 01 6B 00 B2 01 A0 01 6B 00 B2 01 C0 01 6B 00 
B2 01 C1 01 6B 00 B2 01 E0 01 6B 00 B2 01 E1 01 6B 00 B2 01 00 02 6B 00 
B2 01 40 02 6B 00 B2 01 43 02 6B 00 B2 01 60 02 6B 00 B2 01 63 02 6B 00 
B2 01 83 02 6B 00 B2 01 A0 02 6B 00 B2 01 C0 02 6B 00 B2 01 E0 02 6B 00 
B2 01 00 03 6B 00 B2 01 40 03 6B 00 B2 01 60 03 6B 00 B2 01 80 03 6B 00 
B2 01 A0 03 6B 00 B2 01 40 05 6B 00 B2 01 60 05 6B 00 B2 01 80 05 6B 00 
B2 01 A0 05 6B 00 B2 01 54 01 88 01 9A 01 A9 01 B7 01 C7 01 70 02 78 02 
7C 02 DC 02 E5 02 02 00 01 00 04 00 02 00 05 00 03 00 06 00 04 00 07 00 
06 00 0C 00 08 00 00 00 29 01 5A 00 00 00 AE 01 96 00 00 00 D8 01 A9 00 
00 00 2F 02 A9 00 00 00 34 02 A9 00 00 00 2F 02 A9 00 00 00 34 02 A9 00 
00 00 A5 02 EB 00 00 00 AE 02 A9 00 02 00 01 00 03 00 02 00 0F 00 05 00 
01 00 10 00 05 00 02 00 12 00 07 00 01 00 13 00 07 00 02 00 15 00 09 00 
01 00 16 00 09 00 01 00 18 00 0B 00 02 00 17 00 0B 00 02 00 1A 00 0D 00 
01 00 1B 00 0D 00 01 00 1D 00 0F 00 02 00 1C 00 0F 00 01 00 2B 00 11 00 
02 00 2A 00 11 00 02 00 2C 00 13 00 01 00 2D 00 13 00 5E 01 76 01 BB 01 
08 02 42 02 51 02 67 02 87 02 AA 02 B8 02 C7 02 D2 02 04 80 00 00 00 00 
00 00 00 00 00 00 00 00 00 00 00 00 16 00 00 00 04 00 00 00 00 00 00 00 
00 00 00 00 01 00 91 00 00 00 00 00 00 00 00 00 00 00 00 00 00 00 00 00 
00 00 A8 00 00 00 00 00 04 00 00 00 00 00 00 00 00 00 00 00 01 00 E5 04 
00 00 00 00 04 00 00 00 00 00 00 00 00 00 00 00 F4 01 53 05 00 00 00 00 
03 00 02 00 04 00 02 00 05 00 02 00 06 00 02 00 07 00 02 00 08 00 02 00 
09 00 02 00 0A 00 02 00 0B 00 02 00 0C 00 02 00 0D 00 02 00 0E 00 0D 00 
0F 00 0D 00 10 00 0D 00 11 00 0D 00 12 00 09 00 13 00 11 00 14 00 11 00 
00 00 00 00 00 3C 4D 6F 64 75 6C 65 3E 00 43 68 65 63 6B 65 72 2E 64 6C 
6C 00 43 68 65 63 6B 65 72 00 50 72 6F 70 6F 73 69 74 69 6F 6E 00 41 74 
6F 6D 00 4E 6F 74 00 41 6E 64 00 4F 72 00 57 69 7A 61 72 64 00 4F 72 61 
63 6C 65 00 41 6E 74 69 4F 72 61 63 6C 65 00 53 65 63 72 65 74 00 57 69 
7A 61 72 64 4F 70 69 6E 69 6F 6E 00 52 6F 75 6E 64 00 43 68 65 61 74 69 
6E 67 41 6C 65 72 74 00 57 6F 6E 00 46 61 69 6C 65 64 00 45 76 61 6C 75 
61 74 6F 72 00 6D 73 63 6F 72 6C 69 62 00 53 79 73 74 65 6D 00 4F 62 6A 
65 63 74 00 43 6F 64 69 6E 67 53 6B 69 6C 6C 73 43 68 65 63 6B 65 72 00 
49 43 68 65 63 6B 65 72 00 45 78 63 65 70 74 69 6F 6E 00 4F 42 4A 45 43 
54 49 56 45 00 67 65 74 5F 4F 62 6A 65 63 74 69 76 65 00 54 68 65 53 65 
63 72 65 74 00 43 68 65 63 6B 65 72 52 65 73 75 6C 74 00 49 43 61 6E 64 
69 64 61 74 65 00 4E 75 6C 6C 61 62 6C 65 60 31 00 44 6F 43 68 65 63 6B 
00 43 68 65 63 6B 00 2E 63 74 6F 72 00 4F 62 6A 65 63 74 69 76 65 00 54 
72 75 65 00 46 61 6C 73 65 00 46 75 6E 63 60 31 00 6F 70 5F 45 78 70 6C 
69 63 69 74 00 6F 70 5F 49 6D 70 6C 69 63 69 74 00 6F 70 5F 4C 6F 67 69 
63 61 6C 4E 6F 74 00 6F 70 5F 42 69 74 77 69 73 65 41 6E 64 00 6F 70 5F 
42 69 74 77 69 73 65 4F 72 00 67 65 74 5F 61 74 6F 6D 00 73 65 74 5F 61 
74 6F 6D 00 3C 61 74 6F 6D 3E 6B 5F 5F 42 61 63 6B 69 6E 67 46 69 65 6C 
64 00 61 74 6F 6D 00 67 65 74 5F 61 72 67 00 73 65 74 5F 61 72 67 00 3C 
61 72 67 3E 6B 5F 5F 42 61 63 6B 69 6E 67 46 69 65 6C 64 00 61 72 67 00 
67 65 74 5F 6C 65 66 74 00 73 65 74 5F 6C 65 66 74 00 67 65 74 5F 72 69 
67 68 74 00 73 65 74 5F 72 69 67 68 74 00 3C 6C 65 66 74 3E 6B 5F 5F 42 
61 63 6B 69 6E 67 46 69 65 6C 64 00 3C 72 69 67 68 74 3E 6B 5F 5F 42 61 
63 6B 69 6E 67 46 69 65 6C 64 00 6C 65 66 74 00 72 69 67 68 74 00 41 73 
6B 49 66 54 72 75 65 00 6F 00 67 65 74 5F 57 69 7A 61 72 64 49 64 00 73 
65 74 5F 57 69 7A 61 72 64 49 64 00 67 65 74 5F 41 62 6F 75 74 00 73 65 
74 5F 41 62 6F 75 74 00 3C 57 69 7A 61 72 64 49 64 3E 6B 5F 5F 42 61 63 
6B 69 6E 67 46 69 65 6C 64 00 3C 41 62 6F 75 74 3E 6B 5F 5F 42 61 63 6B 
69 6E 67 46 69 65 6C 64 00 57 69 7A 61 72 64 49 64 00 41 62 6F 75 74 00 
57 69 7A 61 72 64 73 00 73 65 63 72 65 74 00 41 6C 72 65 61 64 79 41 73 
6B 65 64 41 57 69 7A 61 72 64 00 45 76 61 6C 75 61 74 65 00 55 6E 66 6F 
6C 64 49 6E 73 69 64 65 00 55 6E 66 6F 6C 64 00 43 61 6E 64 69 64 61 74 
65 00 52 69 67 68 74 41 6E 73 77 65 72 00 4E 75 6D 52 6F 75 6E 64 73 00 
4D 61 78 4F 72 61 63 6C 65 73 00 4D 61 78 41 6E 74 69 4F 72 61 63 6C 65 
73 00 4E 69 63 6B 6E 61 6D 65 00 45 61 73 79 00 62 00 76 61 6C 75 65 00 
70 00 4E 75 6D 4F 72 61 63 6C 65 73 00 4E 75 6D 41 6E 74 69 4F 72 61 63 
6C 65 73 00 43 61 6E 64 69 64 61 74 65 44 65 63 69 73 69 6F 6E 00 64 65 
63 69 73 69 6F 6E 00 53 79 73 74 65 6D 2E 52 75 6E 74 69 6D 65 2E 43 6F 
6D 70 69 6C 65 72 53 65 72 76 69 63 65 73 00 43 6F 6D 70 69 6C 61 74 69 
6F 6E 52 65 6C 61 78 61 74 69 6F 6E 73 41 74 74 72 69 62 75 74 65 00 52 
75 6E 74 69 6D 65 43 6F 6D 70 61 74 69 62 69 6C 69 74 79 41 74 74 72 69 
62 75 74 65 00 52 61 6E 64 6F 6D 00 4E 65 78 74 00 67 65 74 5F 48 61 73 
56 61 6C 75 65 00 67 65 74 5F 56 61 6C 75 65 00 47 65 74 53 6F 6C 75 74 
69 6F 6E 00 46 75 6E 63 60 33 00 49 6E 76 6F 6B 65 00 53 74 72 69 6E 67 
00 67 65 74 5F 4C 65 6E 67 74 68 00 2E 63 63 74 6F 72 00 3C 2E 63 63 74 
6F 72 3E 62 5F 5F 30 00 43 53 24 3C 3E 39 5F 5F 43 61 63 68 65 64 41 6E 
6F 6E 79 6D 6F 75 73 4D 65 74 68 6F 64 44 65 6C 65 67 61 74 65 32 00 43 
6F 6D 70 69 6C 65 72 47 65 6E 65 72 61 74 65 64 41 74 74 72 69 62 75 74 
65 00 3C 2E 63 63 74 6F 72 3E 62 5F 5F 31 00 43 53 24 3C 3E 39 5F 5F 43 
61 63 68 65 64 41 6E 6F 6E 79 6D 6F 75 73 4D 65 74 68 6F 64 44 65 6C 65 
67 61 74 65 33 00 41 72 67 75 6D 65 6E 74 4E 75 6C 6C 45 78 63 65 70 74 
69 6F 6E 00 3C 41 73 6B 49 66 54 72 75 65 3E 6F 5F 5F 53 69 74 65 43 6F 
6E 74 61 69 6E 65 72 34 00 53 79 73 74 65 6D 2E 43 6F 72 65 00 43 61 6C 
6C 53 69 74 65 60 31 00 43 61 6C 6C 53 69 74 65 00 3C 3E 70 5F 5F 53 69 
74 65 35 00 46 75 6E 63 60 34 00 3C 3E 70 5F 5F 53 69 74 65 36 00 42 6F 
6F 6C 65 61 6E 00 54 79 70 65 00 52 75 6E 74 69 6D 65 54 79 70 65 48 61 
6E 64 6C 65 00 47 65 74 54 79 70 65 46 72 6F 6D 48 61 6E 64 6C 65 00 4D 
69 63 72 6F 73 6F 66 74 2E 43 53 68 61 72 70 00 4D 69 63 72 6F 73 6F 66 
74 2E 43 53 68 61 72 70 2E 52 75 6E 74 69 6D 65 42 69 6E 64 65 72 00 42 
69 6E 64 65 72 00 43 61 6C 6C 53 69 74 65 42 69 6E 64 65 72 00 43 53 68 
61 72 70 42 69 6E 64 65 72 46 6C 61 67 73 00 43 6F 6E 76 65 72 74 00 43 
72 65 61 74 65 00 54 61 72 67 65 74 00 43 53 68 61 72 70 41 72 67 75 6D 
65 6E 74 49 6E 66 6F 00 43 53 68 61 72 70 41 72 67 75 6D 65 6E 74 49 6E 
66 6F 46 6C 61 67 73 00 53 79 73 74 65 6D 2E 43 6F 6C 6C 65 63 74 69 6F 
6E 73 2E 47 65 6E 65 72 69 63 00 49 45 6E 75 6D 65 72 61 62 6C 65 60 31 
00 49 6E 76 6F 6B 65 4D 65 6D 62 65 72 00 41 72 72 61 79 00 43 6C 6F 6E 
65 00 3C 55 6E 66 6F 6C 64 49 6E 73 69 64 65 3E 6F 5F 5F 53 69 74 65 43 
6F 6E 74 61 69 6E 65 72 37 00 3C 3E 70 5F 5F 53 69 74 65 38 00 3C 3E 70 
5F 5F 53 69 74 65 39 00 3C 55 6E 66 6F 6C 64 3E 6F 5F 5F 53 69 74 65 43 
6F 6E 74 61 69 6E 65 72 61 00 3C 3E 70 5F 5F 53 69 74 65 62 00 3C 3E 70 
5F 5F 53 69 74 65 63 00 00 29 4F 00 4F 00 50 00 20 00 65 00 78 00 61 00 
6D 00 20 00 70 00 72 00 65 00 70 00 61 00 72 00 61 00 74 00 69 00 6F 00 
6E 00 00 13 41 00 73 00 6B 00 49 00 66 00 54 00 72 00 75 00 65 00 00 19 
55 00 6E 00 66 00 6F 00 6C 00 64 00 49 00 6E 00 73 00 69 00 64 00 65 00 
00 0D 55 00 6E 00 66 00 6F 00 6C 00 64 00 00 00 0E D2 31 99 99 91 3A 44 
8A 33 27 21 01 7F 71 8F 00 08 B7 7A 5C 56 19 34 E0 89 02 06 0E 28 4F 00 
4F 00 50 00 20 00 65 00 78 00 61 00 6D 00 20 00 70 00 72 00 65 00 70 00 
61 00 72 00 61 00 74 00 69 00 6F 00 6E 00 03 20 00 0E 03 06 12 0C 0E 20 
05 11 15 12 19 15 11 1D 01 02 08 08 08 08 20 03 11 15 0E 12 19 02 03 20 
00 01 03 28 00 0E 09 00 01 12 0C 15 12 21 01 02 05 00 01 12 0C 02 06 00 
01 12 0C 12 0C 08 00 02 12 0C 12 0C 12 0C 07 20 00 15 12 21 01 02 08 20 
01 01 15 12 21 01 02 06 06 15 12 21 01 02 07 28 00 15 12 21 01 02 04 20 
00 12 0C 05 20 01 01 12 0C 04 28 00 12 0C 07 20 02 01 12 0C 12 0C 05 20 
01 02 12 0C 05 20 01 02 12 10 05 20 01 02 12 14 05 20 01 02 12 18 05 20 
01 02 12 1C 03 06 12 24 03 20 00 08 04 20 01 01 08 06 20 02 01 08 12 0C 
02 06 08 03 28 00 08 08 20 04 01 08 08 02 12 0C 04 06 1D 12 20 02 06 02 
0A 00 03 02 1D 12 20 12 0C 12 0C 08 20 02 01 1D 12 20 12 0C 06 20 01 12 
0C 12 0C 06 20 01 12 0C 12 10 06 20 01 12 0C 12 14 06 20 01 12 0C 12 18 
06 20 01 12 0C 12 1C 06 20 01 12 0C 12 2C 06 20 01 12 0C 12 30 04 00 00 
00 00 04 14 00 00 00 04 05 00 00 00 03 07 01 0E 05 20 02 08 08 08 05 15 
11 1D 01 02 03 20 00 02 04 20 01 08 08 04 20 00 13 00 03 20 00 1C 08 15 
12 31 03 08 08 12 0C 08 20 02 13 02 13 00 13 01 0B 07 07 12 2D 08 08 08 
02 11 15 02 05 20 01 01 13 00 0A 07 03 11 15 02 15 11 1D 01 02 03 00 00 
01 04 07 01 12 0C 03 00 00 02 04 01 00 00 00 03 07 01 02 05 15 12 21 01 
02 05 20 02 01 1C 18 07 07 01 15 12 21 01 02 0D 06 15 12 41 01 15 12 31 
03 12 45 1C 02 0F 06 15 12 41 01 15 12 49 04 12 45 12 24 1C 1C 06 00 01 
12 51 11 55 08 B0 3F 5F 7F 11 D5 0A 3A 0A 00 03 12 5D 11 61 12 51 12 51 
0C 15 12 41 01 15 12 31 03 12 45 1C 02 0A 00 01 15 12 41 01 13 00 12 5D 
03 06 13 00 07 00 02 12 65 11 69 0E 15 00 05 12 5D 11 61 0E 15 12 6D 01 
12 51 12 51 15 12 6D 01 12 65 0E 15 12 41 01 15 12 49 04 12 45 12 24 1C 
1C 0A 15 12 49 04 12 45 12 24 1C 1C 0A 20 03 13 03 13 00 13 01 13 02 08 
15 12 31 03 12 45 1C 02 07 07 03 1C 02 1D 12 65 03 07 01 08 0A 07 05 1D 
12 20 12 2D 08 08 02 03 1D 12 20 0E 06 15 12 41 01 15 12 31 03 12 45 1C 
12 0C 0F 06 15 12 41 01 15 12 49 04 12 45 12 44 1C 1C 0D 15 12 41 01 15 
12 31 03 12 45 1C 12 0C 0E 15 12 41 01 15 12 49 04 12 45 12 44 1C 1C 0A 
15 12 49 04 12 45 12 44 1C 1C 09 15 12 31 03 12 45 1C 12 0C 08 07 03 1C 
12 0C 1D 12 65 05 07 02 12 0C 02 08 01 00 08 00 00 00 00 00 1E 01 00 01 
00 54 02 16 57 72 61 70 4E 6F 6E 45 78 63 65 70 74 69 6F 6E 54 68 72 6F 
77 73 01 00 F4 40 00 00 00 00 00 00 00 00 00 00 0E 41 00 00 00 20 00 00 
00 00 00 00 00 00 00 00 00 00 00 00 00 00 00 00 00 00 00 00 00 41 00 00 
00 00 00 00 00 00 00 00 00 00 5F 43 6F 72 44 6C 6C 4D 61 69 6E 00 6D 73 
63 6F 72 65 65 2E 64 6C 6C 00 00 00 00 00 FF 25 00 20 00 10 00 00 00 00 
00 00 00 00 00 00 00 00 00 00 00 00 00 00 00 00 00 00 00 00 00 00 00 00 
00 00 00 00 00 00 00 00 00 00 00 00 00 00 00 00 00 00 00 00 00 00 00 00 
00 00 00 00 00 00 00 00 00 00 00 00 00 00 00 00 00 00 00 00 00 00 00 00 
00 00 00 00 00 00 00 00 00 00 00 00 00 00 00 00 00 00 00 00 00 00 00 00 
00 00 00 00 00 00 00 00 00 00 00 00 00 00 00 00 00 00 00 00 00 00 00 00 
00 00 00 00 00 00 00 00 00 00 00 00 00 00 00 00 00 00 00 00 00 00 00 00 
00 00 00 00 00 00 00 00 00 00 00 00 00 00 00 00 00 00 00 00 00 00 00 00 
00 00 00 00 00 00 00 00 00 00 00 00 00 00 00 00 00 00 00 00 00 00 00 00 
00 00 00 00 00 00 00 00 00 00 00 00 00 00 00 00 00 00 00 00 00 00 00 00 
00 00 00 00 00 00 00 00 00 00 00 00 00 00 01 00 10 00 00 00 18 00 00 80 
00 00 00 00 00 00 00 00 00 00 00 00 00 00 01 00 01 00 00 00 30 00 00 80 
00 00 00 00 00 00 00 00 00 00 00 00 00 00 01 00 00 00 00 00 48 00 00 00 
58 60 00 00 44 02 00 00 00 00 00 00 00 00 00 00 44 02 34 00 00 00 56 00 
53 00 5F 00 56 00 45 00 52 00 53 00 49 00 4F 00 4E 00 5F 00 49 00 4E 00 
46 00 4F 00 00 00 00 00 BD 04 EF FE 00 00 01 00 00 00 00 00 00 00 00 00 
00 00 00 00 00 00 00 00 3F 00 00 00 00 00 00 00 04 00 00 00 02 00 00 00 
00 00 00 00 00 00 00 00 00 00 00 00 44 00 00 00 01 00 56 00 61 00 72 00 
46 00 69 00 6C 00 65 00 49 00 6E 00 66 00 6F 00 00 00 00 00 24 00 04 00 
00 00 54 00 72 00 61 00 6E 00 73 00 6C 00 61 00 74 00 69 00 6F 00 6E 00 
00 00 00 00 00 00 B0 04 A4 01 00 00 01 00 53 00 74 00 72 00 69 00 6E 00 
67 00 46 00 69 00 6C 00 65 00 49 00 6E 00 66 00 6F 00 00 00 80 01 00 00 
01 00 30 00 30 00 30 00 30 00 30 00 34 00 62 00 30 00 00 00 2C 00 02 00 
01 00 46 00 69 00 6C 00 65 00 44 00 65 00 73 00 63 00 72 00 69 00 70 00 
74 00 69 00 6F 00 6E 00 00 00 00 00 20 00 00 00 30 00 08 00 01 00 46 00 
69 00 6C 00 65 00 56 00 65 00 72 00 73 00 69 00 6F 00 6E 00 00 00 00 00 
30 00 2E 00 30 00 2E 00 30 00 2E 00 30 00 00 00 38 00 0C 00 01 00 49 00 
6E 00 74 00 65 00 72 00 6E 00 61 00 6C 00 4E 00 61 00 6D 00 65 00 00 00 
43 00 68 00 65 00 63 00 6B 00 65 00 72 00 2E 00 64 00 6C 00 6C 00 00 00 
28 00 02 00 01 00 4C 00 65 00 67 00 61 00 6C 00 43 00 6F 00 70 00 79 00 
72 00 69 00 67 00 68 00 74 00 00 00 20 00 00 00 40 00 0C 00 01 00 4F 00 
72 00 69 00 67 00 69 00 6E 00 61 00 6C 00 46 00 69 00 6C 00 65 00 6E 00 
61 00 6D 00 65 00 00 00 43 00 68 00 65 00 63 00 6B 00 65 00 72 00 2E 00 
64 00 6C 00 6C 00 00 00 34 00 08 00 01 00 50 00 72 00 6F 00 64 00 75 00 
63 00 74 00 56 00 65 00 72 00 73 00 69 00 6F 00 6E 00 00 00 30 00 2E 00 
30 00 2E 00 30 00 2E 00 30 00 00 00 38 00 08 00 01 00 41 00 73 00 73 00 
65 00 6D 00 62 00 6C 00 79 00 20 00 56 00 65 00 72 00 73 00 69 00 6F 00 
6E 00 00 00 30 00 2E 00 30 00 2E 00 30 00 2E 00 30 00 00 00 00 00 00 00 
00 00 00 00 00 00 00 00 00 00 00 00 00 00 00 00 00 00 00 00 00 00 00 00 
00 00 00 00 00 00 00 00 00 00 00 00 00 00 00 00 00 00 00 00 00 00 00 00 
00 00 00 00 00 00 00 00 00 00 00 00 00 00 00 00 00 00 00 00 00 00 00 00 
00 00 00 00 00 00 00 00 00 00 00 00 00 00 00 00 00 00 00 00 00 00 00 00 
00 00 00 00 00 00 00 00 00 00 00 00 00 00 00 00 00 00 00 00 00 00 00 00 
00 00 00 00 00 00 00 00 00 00 00 00 00 00 00 00 00 00 00 00 00 00 00 00 
00 00 00 00 00 00 00 00 00 00 00 00 00 00 00 00 00 00 00 00 00 00 00 00 
00 00 00 00 00 00 00 00 00 00 00 00 00 00 00 00 00 00 00 00 00 00 00 00 
00 00 00 00 00 00 00 00 00 00 00 00 00 00 00 00 00 00 00 00 00 00 00 00 
00 00 00 00 00 00 00 00 00 00 00 00 00 00 00 00 00 00 00 00 00 00 00 00 
00 00 00 00 00 00 00 00 00 00 00 00 00 00 00 00 00 00 00 00 00 00 00 00 
00 00 00 00 00 00 00 00 00 00 00 00 00 00 00 00 00 00 00 00 00 00 00 00 
00 00 00 00 00 00 00 00 00 00 00 00 00 00 00 00 00 00 00 00 00 00 00 00 
00 00 00 00 00 00 00 00 00 00 00 00 00 00 00 00 00 00 00 00 00 00 00 00 
00 00 00 00 00 00 00 00 00 00 00 00 00 00 00 00 00 40 00 00 0C 00 00 00 
20 31 00 00 00 00 00 00 00 00 00 00 00 00 00 00 00 00 00 00 00 00 00 00 
00 00 00 00 00 00 00 00 00 00 00 00 00 00 00 00 00 00 00 00 00 00 00 00 
00 00 00 00 00 00 00 00 00 00 00 00 00 00 00 00 00 00 00 00 00 00 00 00 
00 00 00 00 00 00 00 00 00 00 00 00 00 00 00 00 00 00 00 00 00 00 00 00 
00 00 00 00 00 00 00 00 00 00 00 00 00 00 00 00 00 00 00 00 00 00 00 00 
00 00 00 00 00 00 00 00 00 00 00 00 00 00 00 00 00 00 00 00 00 00 00 00 
00 00 00 00 00 00 00 00 00 00 00 00 00 00 00 00 00 00 00 00 00 00 00 00 
00 00 00 00 00 00 00 00 00 00 00 00 00 00 00 00 00 00 00 00 00 00 00 00 
00 00 00 00 00 00 00 00 00 00 00 00 00 00 00 00 00 00 00 00 00 00 00 00 
00 00 00 00 00 00 00 00 00 00 00 00 00 00 00 00 00 00 00 00 00 00 00 00 
00 00 00 00 00 00 00 00 00 00 00 00 00 00 00 00 00 00 00 00 00 00 00 00 
00 00 00 00 00 00 00 00 00 00 00 00 00 00 00 00 00 00 00 00 00 00 00 00 
00 00 00 00 00 00 00 00 00 00 00 00 00 00 00 00 00 00 00 00 00 00 00 00 
00 00 00 00 00 00 00 00 00 00 00 00 00 00 00 00 00 00 00 00 00 00 00 00 
00 00 00 00 00 00 00 00 00 00 00 00 00 00 00 00 00 00 00 00 00 00 00 00 
00 00 00 00 00 00 00 00 00 00 00 00 00 00 00 00 00 00 00 00 00 00 00 00 
00 00 00 00 00 00 00 00 00 00 00 00 00 00 00 00 00 00 00 00 00 00 00 00 
00 00 00 00 00 00 00 00 00 00 00 00 00 00 00 00 00 00 00 00 00 00 00 00 
00 00 00 00 00 00 00 00 00 00 00 00 00 00 00 00 00 00 00 00 00 00 00 00 
00 00 00 00 00 00 00 00 00 00 00 00 00 00 00 00 00 00 00 00 00 00 00 00 
00 00 00 00 00 00 00 00 00 00 00 00 00 00 00 00 00 00 00 00 00 00 00 00
